Number of good examples: 16258 out of: 25000 examples
W.size(): 121 
W:
20.0064 , 20.0208 , 20.0057 , 19.9802 , 19.9773 , 19.9786 , 19.979 , 19.9791 , 19.98 , 19.9797 , 19.9909 , 
20.0208 , 20.0194 , 20.0376 , 19.9941 , 19.9612 , 19.9592 , 19.9593 , 19.9613 , 19.9608 , 19.9616 , 19.9783 , 
20.0057 , 20.0376 , 20.0188 , 20.0379 , 19.9963 , 19.9602 , 19.9618 , 19.9612 , 19.9592 , 19.9591 , 19.9788 , 
19.9802 , 19.9941 , 20.0379 , 20.0207 , 20.038 , 19.9971 , 19.9592 , 19.9602 , 19.9602 , 19.9618 , 19.979 , 
19.9773 , 19.9612 , 19.9963 , 20.038 , 20.0196 , 20.0394 , 19.9974 , 19.9625 , 19.9613 , 19.961 , 19.9796 , 
19.9786 , 19.9592 , 19.9602 , 19.9971 , 20.0394 , 20.0211 , 20.0405 , 19.9951 , 19.9604 , 19.9603 , 19.9783 , 
19.979 , 19.9593 , 19.9618 , 19.9592 , 19.9974 , 20.0405 , 20.02 , 20.0393 , 19.9958 , 19.9598 , 19.9779 , 
19.9791 , 19.9613 , 19.9612 , 19.9602 , 19.9625 , 19.9951 , 20.0393 , 20.0206 , 20.039 , 19.9959 , 19.9784 , 
19.98 , 19.9608 , 19.9592 , 19.9602 , 19.9613 , 19.9604 , 19.9958 , 20.039 , 20.0196 , 20.0401 , 20.0043 , 
19.9797 , 19.9616 , 19.9591 , 19.9618 , 19.961 , 19.9603 , 19.9598 , 19.9959 , 20.0401 , 20.0204 , 20.0222 , 
19.9909 , 19.9783 , 19.9788 , 19.979 , 19.9796 , 19.9783 , 19.9779 , 19.9784 , 20.0043 , 20.0222 , 20.0087 , 
Number of errors: 161
Error rate: 0.00644
It took 2 second(s).

ID:
Number of good examples: 87195 out of: 250000 examples
W.size(): 121 
W:
19.9923 , 19.9783 , 19.9956 , 20.0215 , 20.0218 , 20.0217 , 20.0214 , 20.0214 , 20.0215 , 20.0217 , 20.0087 , 
19.9783 , 19.9802 , 19.9609 , 20.0037 , 20.0402 , 20.039 , 20.0389 , 20.0394 , 20.0392 , 20.0389 , 20.0215 , 
19.9956 , 19.9609 , 19.9804 , 19.961 , 20.0045 , 20.0389 , 20.039 , 20.0392 , 20.0391 , 20.0386 , 20.0212 , 
20.0215 , 20.0037 , 19.961 , 19.9809 , 19.9611 , 20.0046 , 20.0392 , 20.0387 , 20.0394 , 20.0389 , 20.0217 , 
20.0218 , 20.0402 , 20.0045 , 19.9611 , 19.9805 , 19.9611 , 20.0048 , 20.0396 , 20.0386 , 20.0395 , 20.0216 , 
20.0217 , 20.039 , 20.0389 , 20.0046 , 19.9611 , 19.9804 , 19.961 , 20.0043 , 20.0399 , 20.0394 , 20.0217 , 
20.0214 , 20.0389 , 20.039 , 20.0392 , 20.0048 , 19.961 , 19.9802 , 19.9603 , 20.0038 , 20.0389 , 20.021 , 
20.0214 , 20.0394 , 20.0392 , 20.0387 , 20.0396 , 20.0043 , 19.9603 , 19.9802 , 19.9608 , 20.0039 , 20.0214 , 
20.0215 , 20.0392 , 20.0391 , 20.0394 , 20.0386 , 20.0399 , 20.0038 , 19.9608 , 19.9806 , 19.9608 , 19.9954 , 
20.0217 , 20.0389 , 20.0386 , 20.0389 , 20.0395 , 20.0394 , 20.0389 , 20.0039 , 19.9608 , 19.98 , 19.9787 , 
20.0087 , 20.0215 , 20.0212 , 20.0217 , 20.0216 , 20.0217 , 20.021 , 20.0214 , 19.9954 , 19.9787 , 19.9925 , 
Number of errors: 2357
Error rate: 0.009428
It took 22 second(s).



ID01:
num of good examples: 871927 out of: 2500000 examples
discrete_points.size(): 2
debug number of vertices:
11
121
W.size(): 121 
W:
19.9925 , 19.9784 , 19.9956 , 20.0216 , 20.0216 , 20.0217 , 20.0214 , 20.0215 , 20.0217 , 20.0217 , 20.0087 , 
20 , 19.9804 , 19.9608 , 20.0039 , 20.0393 , 20.0393 , 20.0393 , 20.0392 , 20.0391 , 20.0391 , 20.0216 , 
20 , 20 , 19.9802 , 19.9608 , 20.0041 , 20.0394 , 20.0392 , 20.0393 , 20.0394 , 20.0391 , 20.0216 , 
20 , 20 , 20 , 19.9803 , 19.9609 , 20.004 , 20.0393 , 20.0392 , 20.0394 , 20.0392 , 20.0215 , 
20 , 20 , 20 , 20 , 19.9804 , 19.9609 , 20.004 , 20.0391 , 20.0391 , 20.0393 , 20.0215 , 
20 , 20 , 20 , 20 , 20 , 19.9803 , 19.9606 , 20.0038 , 20.0392 , 20.0391 , 20.0217 , 
20 , 20 , 20 , 20 , 20 , 20 , 19.9804 , 19.9609 , 20.004 , 20.0391 , 20.0216 , 
20 , 20 , 20 , 20 , 20 , 20 , 20 , 19.9804 , 19.9609 , 20.0039 , 20.0216 , 
20 , 20 , 20 , 20 , 20 , 20 , 20 , 20 , 19.9803 , 19.9607 , 19.9958 , 
20 , 20 , 20 , 20 , 20 , 20 , 20 , 20 , 20 , 19.9804 , 19.9784 , 
20 , 20 , 20 , 20 , 20 , 20 , 20 , 20 , 20 , 20 , 19.9925 , 
debug number of vertices:
11
121
need imposeSymmetry(W) now!!!!!!!!
num of errors: 871927
error percent: 0.348771
It took 218 second(s).

ID:
num of good examples: 871927 out of: 2500000 examples
discrete_points.size(): 1
W.size(): 121 
W:
19.9925 , 19.9784 , 19.9956 , 20.0216 , 20.0216 , 20.0217 , 20.0214 , 20.0215 , 20.0217 , 20.0217 , 20.0087 , 
20 , 19.9804 , 19.9608 , 20.0039 , 20.0393 , 20.0393 , 20.0393 , 20.0392 , 20.0391 , 20.0391 , 20.0216 , 
20 , 20 , 19.9802 , 19.9608 , 20.0041 , 20.0394 , 20.0392 , 20.0393 , 20.0394 , 20.0391 , 20.0216 , 
20 , 20 , 20 , 19.9803 , 19.9609 , 20.004 , 20.0393 , 20.0392 , 20.0394 , 20.0392 , 20.0215 , 
20 , 20 , 20 , 20 , 19.9804 , 19.9609 , 20.004 , 20.0391 , 20.0391 , 20.0393 , 20.0215 , 
20 , 20 , 20 , 20 , 20 , 19.9803 , 19.9606 , 20.0038 , 20.0392 , 20.0391 , 20.0217 , 
20 , 20 , 20 , 20 , 20 , 20 , 19.9804 , 19.9609 , 20.004 , 20.0391 , 20.0216 , 
20 , 20 , 20 , 20 , 20 , 20 , 20 , 19.9804 , 19.9609 , 20.0039 , 20.0216 , 
20 , 20 , 20 , 20 , 20 , 20 , 20 , 20 , 19.9803 , 19.9607 , 19.9958 , 
20 , 20 , 20 , 20 , 20 , 20 , 20 , 20 , 20 , 19.9804 , 19.9784 , 
20 , 20 , 20 , 20 , 20 , 20 , 20 , 20 , 20 , 20 , 19.9925 , 
need imposeSymmetry(W) now!!!!!!!!
num of errors: 871927
error percent: 0.348771
It took 215 second(s).


RandomInd=false for the next two:
ID:
num of good examples: 871927 out of: 2500000 examples
discrete_points.size(): 1
learnsimilar
121,121W.size(): 121 
W:
19.9925 , 19.9784 , 19.9956 , 20.0216 , 20.0216 , 20.0217 , 20.0214 , 20.0215 , 20.0217 , 20.0217 , 20.0087 , 
20 , 19.9804 , 19.9608 , 20.0039 , 20.0393 , 20.0393 , 20.0393 , 20.0392 , 20.0391 , 20.0391 , 20.0216 , 
20 , 20 , 19.9802 , 19.9608 , 20.0041 , 20.0394 , 20.0392 , 20.0393 , 20.0394 , 20.0391 , 20.0216 , 
20 , 20 , 20 , 19.9803 , 19.9609 , 20.004 , 20.0393 , 20.0392 , 20.0394 , 20.0392 , 20.0215 , 
20 , 20 , 20 , 20 , 19.9804 , 19.9609 , 20.004 , 20.0391 , 20.0391 , 20.0393 , 20.0215 , 
20 , 20 , 20 , 20 , 20 , 19.9803 , 19.9606 , 20.0038 , 20.0392 , 20.0391 , 20.0217 , 
20 , 20 , 20 , 20 , 20 , 20 , 19.9804 , 19.9609 , 20.004 , 20.0391 , 20.0216 , 
20 , 20 , 20 , 20 , 20 , 20 , 20 , 19.9804 , 19.9609 , 20.0039 , 20.0216 , 
20 , 20 , 20 , 20 , 20 , 20 , 20 , 20 , 19.9803 , 19.9607 , 19.9958 , 
20 , 20 , 20 , 20 , 20 , 20 , 20 , 20 , 20 , 19.9804 , 19.9784 , 
20 , 20 , 20 , 20 , 20 , 20 , 20 , 20 , 20 , 20 , 19.9925 , 
need imposeSymmetry(W) now!!!!!!!!
num of errors: 871927
error percent: 0.348771
It took 205 second(s).





ID01:
user8@ideapad:~/id$ ./LearningDebug 
num of good examples: 871927 out of: 2500000 examples
discrete_points.size(): 2
debug number of vertices:
11
121
learnsimilar
121,121W.size(): 121 
W:
19.9925 , 19.9784 , 19.9956 , 20.0216 , 20.0216 , 20.0217 , 20.0214 , 20.0215 , 20.0217 , 20.0217 , 20.0087 , 
20 , 19.9804 , 19.9608 , 20.0039 , 20.0393 , 20.0393 , 20.0393 , 20.0392 , 20.0391 , 20.0391 , 20.0216 , 
20 , 20 , 19.9802 , 19.9608 , 20.0041 , 20.0394 , 20.0392 , 20.0393 , 20.0394 , 20.0391 , 20.0216 , 
20 , 20 , 20 , 19.9803 , 19.9609 , 20.004 , 20.0393 , 20.0392 , 20.0394 , 20.0392 , 20.0215 , 
20 , 20 , 20 , 20 , 19.9804 , 19.9609 , 20.004 , 20.0391 , 20.0391 , 20.0393 , 20.0215 , 
20 , 20 , 20 , 20 , 20 , 19.9803 , 19.9606 , 20.0038 , 20.0392 , 20.0391 , 20.0217 , 
20 , 20 , 20 , 20 , 20 , 20 , 19.9804 , 19.9609 , 20.004 , 20.0391 , 20.0216 , 
20 , 20 , 20 , 20 , 20 , 20 , 20 , 19.9804 , 19.9609 , 20.0039 , 20.0216 , 
20 , 20 , 20 , 20 , 20 , 20 , 20 , 20 , 19.9803 , 19.9607 , 19.9958 , 
20 , 20 , 20 , 20 , 20 , 20 , 20 , 20 , 20 , 19.9804 , 19.9784 , 
20 , 20 , 20 , 20 , 20 , 20 , 20 , 20 , 20 , 20 , 19.9925 , 
debug number of vertices:
11
121
need imposeSymmetry(W) now!!!!!!!!
num of errors: 871927
error percent: 0.348771
It took 207 second(s).


I'm not sure what cause the following time difference, amybe caching with arma?

W:
19.9925 , 19.9784 , 19.9956 , 20.0216 , 20.0216 , 20.0217 , 20.0214 , 20.0215 , 20.0217 , 20.0217 , 20.0087 , 
20 , 19.9804 , 19.9608 , 20.0039 , 20.0393 , 20.0393 , 20.0393 , 20.0392 , 20.0391 , 20.0391 , 20.0216 , 
20 , 20 , 19.9802 , 19.9608 , 20.0041 , 20.0394 , 20.0392 , 20.0393 , 20.0394 , 20.0391 , 20.0216 , 
20 , 20 , 20 , 19.9803 , 19.9609 , 20.004 , 20.0393 , 20.0392 , 20.0394 , 20.0392 , 20.0215 , 
20 , 20 , 20 , 20 , 19.9804 , 19.9609 , 20.004 , 20.0391 , 20.0391 , 20.0393 , 20.0215 , 
20 , 20 , 20 , 20 , 20 , 19.9803 , 19.9606 , 20.0038 , 20.0392 , 20.0391 , 20.0217 , 
20 , 20 , 20 , 20 , 20 , 20 , 19.9804 , 19.9609 , 20.004 , 20.0391 , 20.0216 , 
20 , 20 , 20 , 20 , 20 , 20 , 20 , 19.9804 , 19.9609 , 20.0039 , 20.0216 , 
20 , 20 , 20 , 20 , 20 , 20 , 20 , 20 , 19.9803 , 19.9607 , 19.9958 , 
20 , 20 , 20 , 20 , 20 , 20 , 20 , 20 , 20 , 19.9804 , 19.9784 , 
20 , 20 , 20 , 20 , 20 , 20 , 20 , 20 , 20 , 20 , 19.9925 , 
need imposeSymmetry(W) now!!!!!!!!
num of errors: 871927
error percent: 0.348771
It took 271 second(s).


W:
19.9925 , 19.9784 , 19.9956 , 20.0216 , 20.0216 , 20.0217 , 20.0214 , 20.0215 , 20.0217 , 20.0217 , 20.0087 , 
20 , 19.9804 , 19.9608 , 20.0039 , 20.0393 , 20.0393 , 20.0393 , 20.0392 , 20.0391 , 20.0391 , 20.0216 , 
20 , 20 , 19.9802 , 19.9608 , 20.0041 , 20.0394 , 20.0392 , 20.0393 , 20.0394 , 20.0391 , 20.0216 , 
20 , 20 , 20 , 19.9803 , 19.9609 , 20.004 , 20.0393 , 20.0392 , 20.0394 , 20.0392 , 20.0215 , 
20 , 20 , 20 , 20 , 19.9804 , 19.9609 , 20.004 , 20.0391 , 20.0391 , 20.0393 , 20.0215 , 
20 , 20 , 20 , 20 , 20 , 19.9803 , 19.9606 , 20.0038 , 20.0392 , 20.0391 , 20.0217 , 
20 , 20 , 20 , 20 , 20 , 20 , 19.9804 , 19.9609 , 20.004 , 20.0391 , 20.0216 , 
20 , 20 , 20 , 20 , 20 , 20 , 20 , 19.9804 , 19.9609 , 20.0039 , 20.0216 , 
20 , 20 , 20 , 20 , 20 , 20 , 20 , 20 , 19.9803 , 19.9607 , 19.9958 , 
20 , 20 , 20 , 20 , 20 , 20 , 20 , 20 , 20 , 19.9804 , 19.9784 , 
20 , 20 , 20 , 20 , 20 , 20 , 20 , 20 , 20 , 20 , 19.9925 , 
_____________debug examples1 25
num of errors: 871927
error precent: 0.348771
thold: 20.

It took 205 second(s).